000 100 (640,640,3)
001 100 (640,640,3)
002 100 (640,640,3)
003 100 (640,640,3)
004 100 (640,640,3)
005 100 (640,640,3)
006 100 (640,640,3)
007 100 (640,640,3)
008 100 (640,640,3)
009 100 (640,640,3)
010 100 (640,640,3)
011 100 (640,640,3)
012 100 (640,640,3)
013 100 (640,640,3)
014 100 (640,640,3)
015 100 (640,640,3)
016 100 (640,640,3)
017 100 (640,640,3)
018 100 (640,640,3)
019 100 (640,640,3)
020 100 (640,640,3)
021 100 (640,640,3)
022 100 (640,640,3)
023 100 (640,640,3)
024 100 (640,640,3)
025 100 (640,640,3)
026 100 (640,640,3)
027 100 (640,640,3)
028 100 (640,640,3)
029 100 (640,640,3)
030 100 (640,640,3)
031 100 (640,640,3)
032 100 (640,640,3)
033 100 (640,640,3)
034 100 (640,640,3)
035 100 (640,640,3)
036 100 (640,640,3)
037 100 (640,640,3)
038 100 (640,640,3)
039 100 (640,640,3)
040 100 (640,640,3)
041 100 (640,640,3)
042 100 (640,640,3)
043 100 (640,640,3)
044 100 (640,640,3)
045 100 (640,640,3)
046 100 (640,640,3)
047 100 (640,640,3)
048 100 (640,640,3)
049 100 (640,640,3)
050 100 (640,640,3)
051 100 (640,640,3)
052 100 (640,640,3)
053 100 (640,640,3)
054 100 (640,640,3)
055 100 (640,640,3)
056 100 (640,640,3)
057 100 (640,640,3)
058 100 (640,640,3)
059 100 (640,640,3)
060 100 (640,640,3)
061 100 (640,640,3)
062 100 (640,640,3)
063 100 (640,640,3)
064 100 (640,640,3)
065 100 (640,640,3)
066 100 (640,640,3)
067 100 (640,640,3)
068 100 (640,640,3)
069 100 (640,640,3)
070 100 (640,640,3)
071 100 (640,640,3)
072 100 (640,640,3)
073 100 (640,640,3)
074 100 (640,640,3)
075 100 (640,640,3)
076 100 (640,640,3)
077 100 (640,640,3)
078 100 (640,640,3)
079 100 (640,640,3)
080 100 (640,640,3)
081 100 (640,640,3)
082 100 (640,640,3)
083 100 (640,640,3)
084 100 (640,640,3)
085 100 (640,640,3)
086 100 (640,640,3)
087 100 (640,640,3)
088 100 (640,640,3)
089 100 (640,640,3)
090 100 (640,640,3)
091 100 (640,640,3)
092 100 (640,640,3)
093 100 (640,640,3)
094 100 (640,640,3)
095 100 (640,640,3)
096 100 (640,640,3)
097 100 (640,640,3)
098 100 (640,640,3)
099 100 (640,640,3)
100 100 (640,640,3)
101 100 (640,640,3)
102 100 (640,640,3)
103 100 (640,640,3)
104 100 (640,640,3)
105 100 (640,640,3)
106 100 (640,640,3)
107 100 (640,640,3)
108 100 (640,640,3)
109 100 (640,640,3)
110 100 (640,640,3)
111 100 (640,640,3)
112 100 (640,640,3)
113 100 (640,640,3)
114 100 (640,640,3)
115 100 (640,640,3)
116 100 (640,640,3)
117 100 (640,640,3)
118 100 (640,640,3)
119 100 (640,640,3)
120 100 (640,640,3)
121 100 (640,640,3)
122 100 (640,640,3)
123 100 (640,640,3)
124 100 (640,640,3)
125 100 (640,640,3)
126 100 (640,640,3)
127 100 (640,640,3)
128 100 (640,640,3)
129 100 (640,640,3)
130 100 (640,640,3)
131 100 (640,640,3)
132 100 (640,640,3)
133 100 (640,640,3)
134 100 (640,640,3)
135 100 (640,640,3)
136 100 (640,640,3)
137 100 (640,640,3)
138 100 (640,640,3)
139 100 (640,640,3)
140 100 (640,640,3)
141 100 (640,640,3)
142 100 (640,640,3)
143 100 (640,640,3)
144 100 (640,640,3)
145 100 (640,640,3)
146 100 (640,640,3)
147 100 (640,640,3)
148 100 (640,640,3)
149 100 (640,640,3)
150 100 (640,640,3)
151 100 (640,640,3)
152 100 (640,640,3)
153 100 (640,640,3)
154 100 (640,640,3)
155 100 (640,640,3)
156 100 (640,640,3)
157 100 (640,640,3)
158 100 (640,640,3)
159 100 (640,640,3)
160 100 (640,640,3)
161 100 (640,640,3)
162 100 (640,640,3)
163 100 (640,640,3)
164 100 (640,640,3)
165 100 (640,640,3)
166 100 (640,640,3)
167 100 (640,640,3)
168 100 (640,640,3)
169 100 (640,640,3)
170 100 (640,640,3)
171 100 (640,640,3)
172 100 (640,640,3)
173 100 (640,640,3)
174 100 (640,640,3)
175 100 (640,640,3)
176 100 (640,640,3)
177 100 (640,640,3)
178 100 (640,640,3)
179 100 (640,640,3)
180 100 (640,640,3)
181 100 (640,640,3)
182 100 (640,640,3)
183 100 (640,640,3)
184 100 (640,640,3)
185 100 (640,640,3)
186 100 (640,640,3)
187 100 (640,640,3)
188 100 (640,640,3)
189 100 (640,640,3)
190 100 (640,640,3)
191 100 (640,640,3)
192 100 (640,640,3)
193 100 (640,640,3)
194 100 (640,640,3)
195 100 (640,640,3)
196 100 (640,640,3)
197 100 (640,640,3)
198 100 (640,640,3)
199 100 (640,640,3)
200 100 (640,640,3)
201 100 (640,640,3)
202 100 (640,640,3)
203 100 (640,640,3)
204 100 (640,640,3)
205 100 (640,640,3)
206 100 (640,640,3)
207 100 (640,640,3)
208 100 (640,640,3)
209 100 (640,640,3)
210 100 (640,640,3)
211 100 (640,640,3)
212 100 (640,640,3)
213 100 (640,640,3)
214 100 (640,640,3)
215 100 (640,640,3)
216 100 (640,640,3)
217 100 (640,640,3)
218 100 (640,640,3)
219 100 (640,640,3)
220 100 (640,640,3)
221 100 (640,640,3)
222 100 (640,640,3)
223 100 (640,640,3)
224 100 (640,640,3)
225 100 (640,640,3)
226 100 (640,640,3)
227 100 (640,640,3)
228 100 (640,640,3)
229 100 (640,640,3)
230 100 (640,640,3)
231 100 (640,640,3)
232 100 (640,640,3)
233 100 (640,640,3)
234 100 (640,640,3)
235 100 (640,640,3)
236 100 (640,640,3)
237 100 (640,640,3)
238 100 (640,640,3)
239 100 (640,640,3)
240 100 (640,640,3)
241 100 (640,640,3)
242 100 (640,640,3)
243 100 (640,640,3)
244 100 (640,640,3)
245 100 (640,640,3)
246 100 (640,640,3)
247 100 (640,640,3)
248 100 (640,640,3)
249 100 (640,640,3)
250 100 (640,640,3)
251 100 (640,640,3)
252 100 (640,640,3)
253 100 (640,640,3)
254 100 (640,640,3)
255 100 (640,640,3)
256 100 (640,640,3)
257 100 (640,640,3)
258 100 (640,640,3)
259 100 (640,640,3)
260 100 (640,640,3)
261 100 (640,640,3)
262 100 (640,640,3)
263 100 (640,640,3)
264 100 (640,640,3)
265 100 (640,640,3)
266 100 (640,640,3)
267 100 (640,640,3)
268 100 (640,640,3)
269 100 (640,640,3)
270 100 (640,640,3)
271 100 (640,640,3)
272 100 (640,640,3)
273 100 (640,640,3)
274 100 (640,640,3)
275 100 (640,640,3)
276 100 (640,640,3)
277 100 (640,640,3)
278 100 (640,640,3)
279 100 (640,640,3)
280 100 (640,640,3)
281 100 (640,640,3)
282 100 (640,640,3)
283 100 (640,640,3)
284 100 (640,640,3)
285 100 (640,640,3)
286 100 (640,640,3)
287 100 (640,640,3)
288 100 (640,640,3)
289 100 (640,640,3)
290 100 (640,640,3)
291 100 (640,640,3)
292 100 (640,640,3)
293 100 (640,640,3)
294 100 (640,640,3)
295 100 (640,640,3)
296 100 (640,640,3)
297 100 (640,640,3)
298 100 (640,640,3)
299 100 (640,640,3)
300 100 (640,640,3)
301 100 (640,640,3)
302 100 (640,640,3)
303 100 (640,640,3)
304 100 (640,640,3)
305 100 (640,640,3)
306 100 (640,640,3)
307 100 (640,640,3)
308 100 (640,640,3)
309 100 (640,640,3)
310 100 (640,640,3)
311 100 (640,640,3)
312 100 (640,640,3)
313 100 (640,640,3)
314 100 (640,640,3)
315 100 (640,640,3)
316 100 (640,640,3)
317 100 (640,640,3)
318 100 (640,640,3)
319 100 (640,640,3)
320 100 (640,640,3)
321 100 (640,640,3)
322 100 (640,640,3)
323 100 (640,640,3)
324 100 (640,640,3)
325 100 (640,640,3)
326 100 (640,640,3)
327 100 (640,640,3)
328 100 (640,640,3)
329 100 (640,640,3)
330 100 (640,640,3)
331 100 (640,640,3)
332 100 (640,640,3)
333 100 (640,640,3)
334 100 (640,640,3)
335 100 (640,640,3)
336 100 (640,640,3)
337 100 (640,640,3)
338 100 (640,640,3)
339 100 (640,640,3)
340 100 (640,640,3)
341 100 (640,640,3)
342 100 (640,640,3)
343 100 (640,640,3)
344 100 (640,640,3)
345 100 (640,640,3)
346 100 (640,640,3)
347 100 (640,640,3)
348 100 (640,640,3)
349 100 (640,640,3)
350 100 (640,640,3)
351 100 (640,640,3)
352 100 (640,640,3)
353 100 (640,640,3)
354 100 (640,640,3)
355 100 (640,640,3)
356 100 (640,640,3)
357 100 (640,640,3)
358 100 (640,640,3)
359 100 (640,640,3)
360 100 (640,640,3)
361 100 (640,640,3)
362 100 (640,640,3)
363 100 (640,640,3)
364 100 (640,640,3)
365 100 (640,640,3)
366 100 (640,640,3)
367 100 (640,640,3)
368 100 (640,640,3)
369 100 (640,640,3)
370 100 (640,640,3)
371 100 (640,640,3)
372 100 (640,640,3)
373 100 (640,640,3)
374 100 (640,640,3)
375 100 (640,640,3)
376 100 (640,640,3)
377 100 (640,640,3)
378 100 (640,640,3)
379 100 (640,640,3)
380 100 (640,640,3)
381 100 (640,640,3)
382 100 (640,640,3)
383 100 (640,640,3)
384 100 (640,640,3)
385 100 (631,640,3)
386 100 (640,640,3)
387 100 (640,640,3)
388 100 (640,640,3)
389 100 (640,640,3)
390 100 (640,640,3)
391 100 (640,640,3)
392 100 (640,640,3)
393 100 (640,640,3)
394 100 (640,640,3)
395 100 (640,640,3)
396 100 (640,640,3)
397 100 (640,640,3)
398 100 (640,640,3)
399 100 (640,640,3)
400 100 (640,640,3)
401 100 (640,640,3)
402 100 (640,640,3)
403 100 (640,640,3)
404 100 (640,640,3)
405 100 (640,640,3)
406 100 (640,640,3)
407 100 (640,640,3)
408 100 (640,640,3)
409 100 (640,640,3)
410 100 (640,640,3)
411 100 (640,640,3)
412 100 (640,640,3)
